-START-OF-DATA-
1750.0	0.00930656
1751.0	0.009405488
1752.0	0.009504416
1753.0	0.009610672
1754.0	0.009735248
1755.0	0.009793872
1756.0	0.00991112
1757.0	0.01009432
1758.0	0.010215232
1759.0	0.010339808
1760.0	0.01051568
1761.0	0.010746512
1762.0	0.010951696
1763.0	0.011189856
1764.0	0.011398704
1765.0	0.011644192
1766.0	0.011875024
1767.0	0.012153488
1768.0	0.012468592
1769.0	0.012780032
1770.0	0.0130988
1771.0	0.013369936
1772.0	0.013622752
1773.0	0.013809616
1774.0	0.014011136
1775.0	0.014337232
1776.0	0.014652336
1777.0	0.014960112
1778.0	0.01524224
1779.0	0.01553536
1780.0	0.015879776
1781.0	0.016235184
1782.0	0.0165796
1783.0	0.017063248
1784.0	0.017469952
1785.0	0.017964592
1786.0	0.01844824
1787.0	0.018858608
1788.0	0.019287296
1789.0	0.019862544
1790.0	0.020397488
1791.0	0.020932432
1792.0	0.02192904
1793.0	0.02229544
1794.0	0.022518944
1795.0	0.02231376
1796.0	0.022119568
1797.0	0.022090256
1798.0	0.023105184
1799.0	0.027483664
1800.0	0.032800128
1801.0	0.03198672
1802.0	0.040311328
1803.0	0.029539168
1804.0	0.031770544
1805.0	0.031250256
1806.0	0.032704864
1807.0	0.03620032
1808.0	0.035496832
1809.0	0.036332224
1810.0	0.039490592
1811.0	0.04017576
1812.0	0.040813296
1813.0	0.041205344
1814.0	0.0422276
1815.0	0.043586944
1816.0	0.045495888
1817.0	0.049277136
1818.0	0.051391264
1819.0	0.0509296
1820.0	0.050731744
1821.0	0.052058112
1822.0	0.054022016
1823.0	0.056355984
1824.0	0.057583424
1825.0	0.0607308
1826.0	0.061382992
1827.0	0.065739488
1828.0	0.066681136
1829.0	0.066307408
1830.0	0.088987568
1831.0	0.083249744
1832.0	0.08209192
1833.0	0.083249744
1834.0	0.088764064
1835.0	0.097400112
1836.0	0.106893536
1837.0	0.10620104
1838.0	0.105845632
1839.0	0.109652528
1840.0	0.118808864
1841.0	0.122165088
1842.0	0.129390496
1843.0	0.132369328
1844.0	0.14194336
1845.0	0.155038496
1846.0	0.157654592
1847.0	0.1707424
1848.0	0.173578336
1849.0	0.184933072
1850.0	0.196753136
1851.0	0.198669408
1852.0	0.207415376
1853.0	0.217121312
1854.0	0.25503272
1855.0	0.260103696
1856.0	0.277295184
1857.0	0.279933264
1858.0	0.284223808
1859.0	0.301481248
1860.0	0.330961792
1861.0	0.34778688
1862.0	0.354488336
1863.0	0.37817976
1864.0	0.407726256
1865.0	0.432857632
1866.0	0.446553664
1867.0	0.478159328
1868.0	0.491551248
1869.0	0.52195512
1870.0	0.533339168
1871.0	0.566890416
1872.0	0.627302448
1873.0	0.6664816
1874.0	0.624232016
1875.0	0.677114528
1876.0	0.68678016
1877.0	0.700402912
1878.0	0.705972192
1879.0	0.755989456
1880.0	0.853917184
1881.0	0.883544288
1882.0	0.933360032
1883.0	0.992753472
1884.0	1.004133856
1885.0	1.011637728
1886.0	1.027418576
1887.0	1.078747552
1888.0	1.19435408
1889.0	1.194625216
1890.0	1.300360928
1891.0	1.361751248
1892.0	1.372395168
1893.0	1.35547848
1894.0	1.40301888
1895.0	1.487433776
1896.0	1.536366496
1897.0	1.609232464
1898.0	1.6971648
1899.0	1.8537092
1900.0	1.952208512
1901.0	2.016746208
1902.0	2.067683136
1903.0	2.254100128
1904.0	2.279748128
1905.0	2.427319392
1906.0	2.534733216
1907.0	2.888316544
1908.0	2.776439968
1909.0	2.89049296
1910.0	3.034088784
1911.0	3.0795004
1912.0	3.235964192
1913.0	3.506275792
1914.0	3.180355664
1915.0	3.134852448
1916.0	3.385858432
1917.0	3.540427936
1918.0	3.493264928
1919.0	3.029006816
1920.0	3.521426432
1921.0	3.090096688
1922.0	3.24031336
1923.0	3.676234096
1924.0	3.687218768
1925.0	3.727035456
1926.0	3.66103216
1927.0	3.996126944
1928.0	3.978763248
1929.0	4.270908624
1930.0	3.93859848
1931.0	3.519902208
1932.0	3.173474672
1933.0	3.341516704
1934.0	3.634240992
1935.0	3.814799248
1936.0	4.18551544
1937.0	4.474231312
1938.0	4.206902208
1939.0	4.45124704
1940.0	4.861343904
1941.0	4.970813232
1942.0	4.959586736
1943.0	5.041693312
1944.0	5.117908176
1945.0	4.257135648
1946.0	4.646124208
1947.0	5.145780224
1948.0	5.424951376
1949.0	5.18100592
1950.0	5.92934128
1951.0	6.3814056
1952.0	6.46743632
1953.0	6.650859824
1954.0	6.789498256
1955.0	7.443859344
1956.0	7.925979456
1957.0	8.18561416
1958.0	8.41716064
1959.0	8.85466056
1960.0	9.386420544
1961.0	9.414384192
1962.0	9.746555104
1963.0	10.26604802
1964.0	10.82361722
1965.0	11.30969078
1966.0	11.86170902
1967.0	12.23632738
1968.0	12.90433686
1969.0	13.76084083
1970.0	14.89815742
1971.0	15.50278704
1972.0	16.22344088
1973.0	17.08349893
1974.0	17.00938354
1975.0	17.04998066
1976.0	17.98524597
1977.0	18.49465189
1978.0	19.06395322
1979.0	19.6030009
1980.0	19.48244064
1981.0	19.01694776
1982.0	18.86537174
1983.0	18.98590269
1984.0	19.64172938
1985.0	20.30512955
1986.0	20.60751214
1987.0	21.24578461
1988.0	22.07738437
1989.0	22.37896821
1990.0	22.75269987
1991.0	23.22947421
1992.0	22.56719888
1993.0	22.79834965
1994.0	23.03477658
1995.0	23.52449216
1996.0	24.25016202
1997.0	24.39594891
1998.0	24.33094589
1999.0	24.8334928
2000.0	25.50128611
2001.0	25.6749304
2002.0	26.24828778
2003.0	27.64865026
2004.0	28.62019283
2005.0	29.59210181
2006.0	30.60576573
2007.0	31.4997341
2008.0	32.0419035
2009.0	31.49326714
2010.0	33.30632792
2011.0	34.4364704
2012.0	34.93545224
2013.0	35.23246707
2014.0	35.46619363
2015.0	35.4632148
2016.0	35.46002712
2017.0	36.02545194
2018.0	36.76694661
2019.0	37.04010514
2020.0	35.0077393
2021.0	36.81654251
2022.0	37.14978331
2023.0	39.37617261
2024.0	41.6025619
2025.0	43.82894754
2026.0	46.05533683
2027.0	48.28172246
2028.0	50.50811176
2029.0	52.73449739
2030.0	54.96088669
2031.0	55.44817304
2032.0	55.93545939
2033.0	56.42274941
2034.0	56.91003576
2035.0	57.39732211
2036.0	57.88460846
2037.0	58.37189482
2038.0	58.85918483
2039.0	59.34647118
2040.0	59.83375754
2041.0	60.24586227
2042.0	60.65797067
2043.0	61.07007541
2044.0	61.48218014
2045.0	61.89428854
2046.0	62.30639328
2047.0	62.71849802
2048.0	63.13060642
2049.0	63.54271115
2050.0	63.95481589
2051.0	64.35062315
2052.0	64.74642675
2053.0	65.14223035
2054.0	65.53803762
2055.0	65.93384122
2056.0	66.32964848
2057.0	66.72545208
2058.0	67.12125934
2059.0	67.51706294
2060.0	67.91286654
2061.0	68.2956263
2062.0	68.67838606
2063.0	69.06114216
2064.0	69.44390192
2065.0	69.82666168
2066.0	70.20941778
2067.0	70.59217754
2068.0	70.9749373
2069.0	71.35769339
2070.0	71.74045315
2071.0	72.11805766
2072.0	72.49566218
2073.0	72.87326669
2074.0	73.2508712
2075.0	73.62847571
2076.0	74.00608022
2077.0	74.38368474
2078.0	74.76128925
2079.0	75.13889376
2080.0	75.51649827
2081.0	75.97273589
2082.0	76.42897717
2083.0	76.88521845
2084.0	77.34145973
2085.0	77.79769734
2086.0	78.25393862
2087.0	78.7101799
2088.0	79.16642118
2089.0	79.62266246
2090.0	80.07890008
2091.0	80.58630912
2092.0	81.09371816
2093.0	81.6011272
2094.0	82.10853624
2095.0	82.61594528
2096.0	83.12335432
2097.0	83.63076336
2098.0	84.1381724
2099.0	84.64558144
2100.0	85.15299048
2500.0  0
-END-OF-DATA-

# units are GtCO2/yr ; need conversion factor bg_par_atm_force_scale_val_3=2.2722109e+13 to get to mol C yr-1