-START-OF-DATA-
1750.5
1760.5
1770.5
1780.5
1790.5
1800.5
1810.5
1820.5
1830.5
1840.5
1850.5
1860.5
1870.5
1880.5
1890.5
1900.5
1910.5
1920.5
1930.5
1940.5
1950.5
1960.5
1970.5
1980.5
1990.5
2000.5
2010.5
2020.5
2030.5
2035.5
2036.5
2037.5
2038.5
2039.5
2040.5
2041.5
2042.5
2043.5
2044.5
2045.5
2046.5
2047.5
2048.5
2049.5
2050.5
2060.5
2070.5
2080.5
2090.5
2100.5
2110.5
2120.5
2130.5
2140.5
2150.5
2160.5
2170.5
2180.5
2190.5
2200.5
2210.5
2220.5
2230.5
2240.5
2250.5
2260.5
2270.5
2280.5
2290.5
2300.5
2310.5
2320.5
2330.5
2340.5
2350.5
2360.5
2370.5
2380.5
2390.5
2400.5
2410.5
2420.5
2430.5
2440.5
2450.5
2460.5
2470.5
2480.5
2490.5
2499.5
-END-OF-DATA-
