-START-OF-DATA-
0.5
1.5
2.5
3.5
4.5
5.5
6.5
7.5
8.5
9.5
19.5
29.5
39.5
49.5
59.5
69.5
79.5
89.5
99.5
149.5
199.5
249.5
299.5
349.5
399.5
449.5
499.5
549.5
599.5
649.5
699.5
749.5
799.5
849.5
899.5
949.5
999.5
1499.5
1999.5
2499.5
2999.5
3499.5
3999.5
4499.5
4999.5
5499.5
5999.5
6499.5
6999.5
7499.5
7999.5
8499.5
8999.5
9499.5
9999.5
14999.5
19999.5
24999.5
29999.5
34999.5
39999.5
44999.5
49999.5
54999.5
59999.5
64999.5
69999.5
74999.5
79999.5
84999.5
89999.5
94999.5
99999.5
109999.5
119999.4
129999.5
139999.5
149999.5
159999.5
169999.5
179999.5
189999.5
199999.5
209999.5
219999.4
229999.5
239999.5
249999.5
259999.5
269999.5
279999.5
289999.5
299999.5
499999.5
999999.5
1999999.5
4999999.5
9999999.5
19999999.5
49999999.5
99999999.5
-END-OF-DATA-
